430.02		0.2711		
430.10		0.6575		
430.19		-0.0703		
430.28		-0.0021		
430.37		0.4001		
430.45		0.4860		
430.54		0.0342		
430.63		-0.0602		
430.71		0.4140		
430.80		0.3048		
430.89		-0.0433		
430.97		0.1115		
431.06		0.2041		
431.15		0.5383		
431.23		0.1612		
431.32		0.1354		
431.41		0.7943		
431.49		0.1441		
431.58		0.1442		
431.67		0.2352		
431.76		0.9093		
431.84		0.5434		
431.93		-0.0379		
432.02		-0.0771		
432.10		0.4446		
432.19		0.2338		
432.28		0.2340		
432.36		0.0837		
432.45		0.2887		
432.54		0.4374		
432.62		0.0947		
432.71		0.0051		
432.80		0.1735		
432.88		0.5743		
432.97		0.0290		
433.06		-0.2759		
433.14		0.3253		
433.23		0.2464		
433.32		-0.1492		
433.40		-0.0394		
433.49		0.0618		
433.58		0.0574		
433.66		-0.0595		
433.75		-0.1633		
433.84		0.1546		
433.92		0.5172		
434.01		0.0043		
434.10		-0.2571		
434.18		0.2058		
434.27		-0.0314		
434.36		-0.0226		
434.44		-0.1337		
434.53		0.6531		
434.61		0.4778		
434.70		0.1642		
434.79		0.4606		
434.87		0.5613		
434.96		1.0327		
435.05		0.7185		
435.13		0.9827		
435.22		1.3035		
435.31		1.4859		
435.39		1.2269		
435.48		1.5554		
435.57		1.9090		
435.65		2.4068		
435.74		2.4402		
435.83		2.2621		
435.91		2.8222		
436.00		3.4126		
436.08		3.1016		
436.17		3.5013		
436.26		3.7617		
436.34		4.0922		
436.43		4.1271		
436.52		4.5064		
436.60		4.7498		
436.69		5.2118		
436.78		4.8007		
436.86		4.7405		
436.95		5.3513		
437.03		4.6227		
437.12		4.7721		
437.21		4.9902		
437.29		4.9208		
437.38		4.4501		
437.47		4.1020		
437.55		4.0249		
437.64		3.9458		
437.72		4.1226		
437.81		3.3011		
437.90		2.7764		
437.98		3.0514		
438.07		2.6267		
438.16		2.0151		
438.24		1.7957		
438.33		2.2529		
438.41		1.6924		
438.50		1.5162		
438.59		1.1112		
438.67		1.2667		
438.76		1.4271		
438.85		1.0651		
438.93		1.3528		
439.02		1.9956		
439.10		2.4491		
439.19		2.5299		
439.28		3.0637		
439.36		3.7467		
439.45		4.5451		
439.53		4.9161		
439.62		6.3876		
439.71		8.2484		
439.79		9.0312		
439.88		9.8300		
439.96		10.1479		
440.05		11.5382		
440.14		12.7552		
440.22		14.0502		
440.31		15.1703		
440.39		17.0719		
440.48		19.7151		
440.57		19.9332		
440.65		21.2103		
440.74		22.5477		
440.82		23.3976		
440.91		22.8675		
441.00		24.3249		
441.08		24.4086		
441.17		25.6144		
441.25		25.5242		
441.34		26.0702		
441.43		26.2145		
441.51		26.4515		
441.60		26.5963		
441.68		24.9780		
441.77		24.9104		
441.86		24.1248		
441.94		23.2001		
442.03		21.6500		
442.11		20.3719		
442.20		19.1032		
442.28		18.1673		
442.37		17.1933		
442.46		16.5452		
442.54		14.7728		
442.63		13.4107		
442.71		11.6740		
442.80		11.4845		
442.89		10.0085		
442.97		8.2293		
443.06		7.5029		
443.14		6.3323		
443.23		5.6948		
443.31		4.7933		
443.40		4.1583		
443.49		4.2557		
443.57		4.4929		
443.66		4.1437		
443.74		4.2772		
443.83		4.7670		
443.91		6.2040		
444.00		6.4634		
444.09		7.3345		
444.17		8.8009		
444.26		10.5158		
444.34		11.6221		
444.43		13.2931		
444.51		15.5426		
444.60		17.2242		
444.69		18.8403		
444.77		20.9648		
444.86		25.3315		
444.94		28.0138		
445.03		29.0907		
445.11		28.9916		
445.20		31.2003		
445.28		33.4021		
445.37		33.9591		
445.46		35.4623		
445.54		37.1955		
445.63		38.0937		
445.71		38.3179		
445.80		39.2010		
445.88		40.5059		
445.97		41.3008		
446.05		40.6046		
446.14		40.9609		
446.23		41.2343		
446.31		41.3656		
446.40		40.4686		
446.48		40.1167		
446.57		39.8465		
446.65		39.7633		
446.74		36.8692		
446.82		34.0345		
446.91		31.8254		
446.99		29.2217		
447.08		27.9795		
447.17		25.1170		
447.25		23.7376		
447.34		21.3567		
447.42		19.2052		
447.51		16.9421		
447.59		16.1532		
447.68		14.9363		
447.76		12.2271		
447.85		10.3704		
447.93		9.1150		
448.02		8.0569		
448.10		6.6144		
448.19		5.7741		
448.27		5.8311		
448.36		4.5353		
448.45		4.2463		
448.53		4.2038		
448.62		4.3587		
448.70		4.8875		
448.79		4.8231		
448.87		5.4113		
448.96		7.3791		
449.04		8.1906		
449.13		9.2350		
449.21		9.9880		
449.30		11.8512		
449.38		13.2125		
449.47		14.4167		
449.55		16.1080		
449.64		18.2543		
449.72		20.4279		
449.81		21.7257		
449.89		22.8141		
449.98		24.0135		
450.06		24.4041		
450.15		24.9331		
450.23		26.4165		
450.32		28.5892		
450.40		28.6890		
450.49		28.7889		
450.57		30.1536		
450.66		29.7197		
450.74		29.7691		
450.83		29.5017		
450.92		29.4143		
451.00		29.9124		
451.09		28.8260		
451.17		26.7017		
451.26		26.0894		
451.34		26.3718		
451.43		25.1185		
451.51		24.7838		
451.60		22.5572		
451.68		21.7607		
451.77		20.7467		
451.85		18.2918		
451.94		17.0133		
452.02		16.1375		
452.11		14.9778		
452.19		13.2232		
452.27		11.8313		
452.36		11.4228		
452.44		10.1504		
452.53		8.5684		
452.61		7.6087		
452.70		7.2899		
452.78		6.4484		
452.87		5.0999		
452.95		4.6126		
453.04		4.0908		
453.12		3.3155		
453.21		2.7497		
453.29		2.3067		
453.38		2.4481		
453.46		2.3891		
453.55		1.9740		
453.63		1.5765		
453.72		1.9292		
453.80		1.9623		
453.89		1.9082		
453.97		1.8538		
454.06		2.8440		
454.14		2.6841		
454.23		2.6118		
454.31		2.9111		
454.40		3.9316		
454.48		3.7029		
454.57		3.5406		
454.65		3.8735		
454.73		6.5533		
454.82		5.0133		
454.90		4.5441		
454.99		5.1436		
455.07		5.8291		
455.16		6.5296		
455.24		5.7011		
455.33		5.7216		
455.41		6.2379		
455.50		6.2589		
455.58		5.9355		
455.67		5.6820		
455.75		5.6994		
455.84		5.9758		
455.92		5.2416		
456.00		5.1266		
456.09		5.2870		
456.17		4.9126		
456.26		4.1651		
456.34		3.8867		
456.43		4.0792		
456.51		3.9466		
456.60		3.4698		
456.68		2.9921		
456.77		3.0650		
456.85		3.0426		
456.93		2.4466		
457.02		2.0050		
457.10		2.8449		
457.19		2.1713		
457.27		1.5975		
457.36		1.3558		
457.44		1.3840		
457.53		1.6528		
457.61		0.9730		
457.69		0.7164		
457.78		0.4402		
457.86		0.6926		
457.95		0.4161		
458.03		0.2516		
458.12		0.3726		
458.20		0.5569		
458.29		0.2740		
458.37		-0.0315		
458.45		0.3761		
458.54		0.2688		
458.62		0.0069		
458.71		-0.0457		
458.79		0.4239		
458.88		0.2279		
458.96		-0.2397		
459.04		0.0370		
459.13		0.0092		
459.21		0.1561		
459.30		-0.3767		
459.38		-0.1937		
459.47		-0.1105		
459.55		-0.0272		
459.63		-0.3780		
459.72		-0.4313		
459.80		0.2902		
459.89		0.7925		
459.97		-0.3013
